86105109522
86105629806
86105948223
86106267882
86106588219
86106907894
86107231291
86107548732
86108030247
86108348143
86108667782
86108987866
86109307821
86109630330
86109947856
86110267824
86110587800
86110910647
86111231302
86111708585
86112027855
86112347819
86112667844
86112987721
86113308020
86113630240
86113947820
86114270271
86114587840
86114910359
86115231273
86115551255
86116027792
86116347789
86116668094
86116987667
86117307830
86117627812
86117951045
86118267830
86118587819
86118910755
86119228755
86119551274
86119868752
86120348236
86120667683
86120987777
86121307800
86121627811
86121947802
86122267840
86122587802
86122910422
86123232061
86123552637
86123871275
86124348966
86124668474
86124988244
86125308297
86125630235
86125947786
86126270240
86126587798
86126910837
86127230992
86127550842
86127868433
86128188927
86128669076
86128990220
86129307803
86129627776
86129950676
86130267792
86130587815
86130907780
86131230818
86131550864
86131870868
86132190907
86132508765
86132990157
86133307803
86133631080
86133947772
86134270261
86134587821
86134908206
86135228808
86135548337
86135870905
86136190396
86136511516
86136831359
86137151316
86137627786
86137948207
86138268231
86138587762
86138907763
86139230781
86139550137
86139868892
86140188406
86140510871
86140831330
86141148867
86141628188
86141950209
86142267801
86142587792
86142908192
86143228764
86143549409
86143868912
86144188770
86144512525
86144830905
86145150996
86145471393
86146587702
86146907772
86147228343
86147551245
86147868398
86148350648
86148670635
86148990368
86149307784
86149627762
86149947753
86150267745
86150587764
86150907770
86151228274
86151550888
86151868849
86152347978
86152667826
86152987805
86153308199
86153630656
86153947702
86154267725
86154587750
86154907694
86155227749
86155550832
86155870292
86156191238
86156512158
86156987786
86157310194
86157627754
86157947784
86158268161
86158588163
86158907788
86159231977
86159551385
86159869108
86160188336
86160511262
86160831260
86161307741
86161627751
86161950083
86162267811
86162587745
86162907768
86163228658
86163548264
86163868773
86164192187
86164510969
86164831625
86165152055
86165627748
86165947781
86166268013
86166588162
86166907707
86167228240
86167548467
86167868740
86168188776
86168510877
86168828435
86169150033
86169470357
86169948179
86170268140
86170588253
86170907724
86171230826
86171548741
86171871261
86172190864
86172510878
86172828844
86173950150
86174270149
86174590805
86174907726
86175227757
86175552399
86175871165
86176348135
86176668158
86176987926
86177307712
86177627747
86177947704
86178270210
86178587710
86178907724
86179227752
86179548216
86179870790
86180192147
86180667709
86180990402
86181307733
86181628151
86181948125
86182268134
86182590217
86182907698
86183227724
86183550779
86183868269
86184190819
86184509335
86184987696
86185307705
86185627666
86185947701
86186267727
86186587749
86186908157
86187229507
86187550814
86187870785
86188190832
86188508334
86188831295
86189151228
86189628111
86189947745
86190267693
86190587668
86190907714
86191227722
86191548385
86191870331
86192190833
86192508342
86192830855
86193151278
86193469585
86193948548
86194267691
86194587705
86194908341
86195228108
86195550706
86195868984
86196191620
86196510542
86196828805
86197148265
86197468859
86197790711
86198267716
86198588097
86198908074
86199227644
86199550811
86199868684
86200191211
86201310495
86201632567
86201950062
86202267675
86202587702
86202908376
86203230232
86203550026
86203871224
86204191176
86204668180
86204988102
86205307688
86205627683
86205947673
86206267730
86206587672
86206907685
86207230122
86207548313
86207870822
86208191228
86208509611
86208987672
86209307666
86209627694
86209947718
86210268059
86210588089
86210907586
86211227669
86211550652
86211871652
86212188307
86212510056
86212831656
86213310163
86213627707
86213947655
86214267698
86214587567
86214907723
86215230594
86215551607
86215870729
86216191806
86216511038
86216828324
86217151715
86217628129
86217948077
86218267717
86218588121
86218907889
86219227668
86219548240
86219871002
86220188668
86220508389
86220828276
86221150765
86221471256
86221791282
86222267657
86222587710
86222907691
86223228114
86223550741
86223871101
86224188257
86224511179
86224831199
86225150770
86225470782
86225791326
86226269203
86226587683
86226908065
86227230565
86227551646
86228670464
86228987628
86229307803
86229627646
86229947780
86230270663
86230587637
86230907673
86231227645
86231547636
86231868322
86232188653
86232512206
86232988066
86233310508
86233627992
86233947632
86234270061
86234587649
86234907649
86235230110
86235550680
86235870710
86236190539
86236510797
86236831160
86237307677
86237627655
86237947662
86238267691
86238590504
86238907799
86239227781
86239547668
86239871684
86240188086
86240508278
86240831110
86241151154
86241627895
86241950138
86242270279
86242587648
86242907676
86243227653
86243548246
86243870999
86244191552
86244511616
86244830758
86245150781
86245469467
86245789696
86246267651
86246590088
86246908106
86247227513
86247547671
86247870659
86248191228
86248512915
86248830745
86249148288
86249470916
86249793298
86250267627
86250587619
86250907660
86251227653
86251548051
86251869380
86252188279
86252510749
86252828683
86253151183
86253468263
86253788728
86254110536
86254588114
86254907636
86255870183
86256188819
86256508658
86256988028
86257310193
86257627614
86257950060
86258267685
86258587635
86258907605
86259227628
86259547605
86259870650
86260190684
86260508657
86260831615
86261309732
86261628033
86261948042
86262267605
86262587633
86262907655
86263230344
86263551190
86263870837
86264191396
86264510647
86264831074
86265151375
86265627603
86265947584
86266269593
86266587666
86266908051
86267227648
86267547766
86267870640
86268191759
86268510672
86268831007
86269148641
86269468697
86269947647
86270267579
86270587545
86270907614
86271227611
86271547615
86271868026
86272191085
86272510656
86272830698
86273149509
86273470740
86273791127
86274267584
86274587532
86274908058
86275227985
86275547559
86275867550
86276190653
86276511151
86276831294
86277151329
86277470731
86277790313
86278111155
86278587995
86278907701
86279230059
86279547586
86279871162
86280192069
86280511093
86280830536
86281151171
86281471095
86281790701
86282108743
86283227572
86283550034
86283867743
86284190683
86284511145
86284987993
86285307968
86285627549
86285947576
86286267632
86286587553
86286907402
86287227639
86287547589
86287867620
86288190618
86288510687
86288830637
86289307557
86289627578
86289947645
86290267988
86290589999
86290910076
86291227693
86291547561
86291867551
86292190145
86292510905
86292831322
86293151088
86293630015
86293947747
86294267555
86294587556
86294907628
86295228026
86295547741
86295867972
86296190586
86296508180
86296830642
86297148206
86297468661
86297791354
86298267529
86298587543
86298907555
86299230007
86299547584
86299867643
86300191284
86300508520
86300831621
86301150557
86301470245
86301788646
86302111150
86302587527
86302910107
86303227475
86303550398
86303870577
86304190590
86304511299
86304831042
86305151075
86305470665
86305789304
86306112055
86306431072
86306907953
86307227874
86307547579
86307870819
86308189820
86308511048
86308828502
86309148191
86309471093
86310591864
86310907533
86311227514
86311547588
86311867558
86312187973
86312510653
86312830743
86313307963
86313630399
86313947522
86314267560
86314587517
86314909976
86315227681
86315547541
86315868459
86316189616
86316511578
86316832469
86317151035
86317627609
86317947489
86318268121
86318589969
86318907942
86319227938
86319547504
86319867543
86320187708
86320510559
86320830568
86321151794
86321471478
86321947526
86322267513
86322587494
86322907489
86323230066
86323547546
86323869771
86324190532
86324510611
86324830639
86325150989
86325468280
86325788651
86326267990
86326587965
86326910880
86327227500
86327547451
86327867424
86328190560
86328510659
86328828524
86329150623
86329470561
86329789288
86330111044
86330428603
86330909959
86331227526
86331550352
86331867827
86332191529
86332510523
86332830626
86333148809
86333470636
86333788162
86334108203
86334431185
86334907489
86335227525
86335547955
86335867932
86336190529
86336510569
86336830985
86337950291
86338267775
86338587519
86338907473
86339227513
86339547310
86339867854
86340187536
86340510547
86340830965
86341148510
86341627814
86341947935
86342267436
86342590973
86342907480
86343227485
86343547460
86343867482
86344188186
86344510559
86344828136
86345150032
86345470994
86345948867
86346267461
86346587467
86346907524
86347227821
86347547651
86347869895
86348187488
86348511368
86348830632
86349148061
86349471002
86349788549
86350267560
86350587515
86350907459
86351227470
86351547493
86351867508
86352188493
86352509981
86352829110
86353153974
86353470607
86353788192
86354110935
86354587710
86354907936
86355227800
86355547883
86355867498
86356187480
86356510528
86356829927
86357148671
86357468082
86357790842
86358111233
86358432392
86358907442
86359227448
86359547478
86359867543
86360190931
86360508065
86360828068
86361148160
86361468413
86361790980
86362110597
86362430641
86362750580
86363228541
86363551115
86363869969
86364187886
86365150328
86365627883
86365947476
86366267457
86366587491
86366907505
86367227615
86367547459
86367867517
86368187475
86368513361
86368832329
86369150936
86369627478
86369947509
86370267856
86370587482
86370907474
86371227464
86371547402
86371867448
86372187444
86372510490
86372830523
86373150508
86373472193
86373791213
86374269870
86374587458
86374907410
86375230290
86375547886
86375867453
86376187435
86376507421
86376828043
86377150524
86377470565
86377790594
86378110969
86378587472
86378907509
86379227464
86379547508
86379869938
86380187851
86380510879
86380830910
86381150503
86381470514
86381790506
86382110971
86382430313
86382907480
86383227479
86383549854
86383867937
86384187428
86384511299
86384830581
86385150469
86385470859
86385790565
86386110537
86386428518
86386751326
86387227844
86387549869
86387867409
86388187829
86388510867
86388830882
86389150891
86389471303
86389792090
86390109305
86390428128
86390748518
86391070345
86391548118
86392509851
86392830482
86393150649
86393627835
86393947830
86394267328
86394590390
86394907300
86395227374
86395547477
86395867420
86396187409
86396509872
86396830477
86397148113
86397468424
86397947441
86398270531
86398589904
86398910386